            Unnamed: 0      rate       len       adt      trks     sigs1  \
Unnamed: 0    1.000000  0.032470  0.362779 -0.846241  0.104887 -0.286362   
rate          0.032470  1.000000 -0.465290 -0.028570 -0.512522  0.603191   
len           0.362779 -0.465290  1.000000 -0.271569  0.495943 -0.391851   
adt          -0.846241 -0.028570 -0.271569  1.000000 -0.096682  0.159381   
trks          0.104887 -0.512522  0.495943 -0.096682  1.000000 -0.475308   
sigs1        -0.286362  0.603191 -0.391851  0.159381 -0.475308  1.000000   
slim         -0.292009 -0.680984  0.186243  0.244157  0.296184 -0.424415   
shld         -0.591370 -0.386907 -0.104926  0.457307  0.006135 -0.124103   
lane         -0.773467 -0.032979 -0.202504  0.823930 -0.153324  0.263967   
acpt          0.281647  0.752025 -0.238706 -0.223980 -0.360266  0.513461   
itg          -0.726426 -0.024841 -0.247562  0.903701 -0.067231  0.087017   
lwid         -0.227827 -0.005619 -0.310650  0.127878 -0.155271  0.062084   

                slim      shld      lane      acpt       itg      lwid  
Unnamed: 0 -0.292009 -0.591370 -0.773467  0.281647 -0.726426 -0.227827  
rate       -0.680984 -0.386907 -0.032979  0.752025 -0.024841 -0.005619  
len         0.186243 -0.104926 -0.202504 -0.238706 -0.247562 -0.310650  
adt         0.244157  0.457307  0.823930 -0.223980  0.903701  0.127878  
trks        0.296184  0.006135 -0.153324 -0.360266 -0.067231 -0.155271  
sigs1      -0.424415 -0.124103  0.263967  0.513461  0.087017  0.062084  
slim        1.000000  0.689009  0.264520 -0.681521  0.241282  0.098693  
shld        0.689009  1.000000  0.481771 -0.424951  0.375022 -0.042896  
lane        0.264520  0.481771  1.000000 -0.208779  0.697913  0.095723  
acpt       -0.681521 -0.424951 -0.208779  1.000000 -0.200158 -0.042013  
itg         0.241282  0.375022  0.697913 -0.200158  1.000000  0.102883  
lwid        0.098693 -0.042896  0.095723 -0.042013  0.102883  1.000000  